-53.397691
-61.915578
-46.428510
8.550582
11.647996
-8.485193
-3.839072
7.001876
105.344759
178.133980
129.349715
75.144976
35.652952
55.786141
121.606181
165.744326
154.129024
96.826872
41.073426
48.816960
77.468036
33.329892
34.878599
22.488944
11.647996
21.714591
21.714591
-3.064719
-44.105450
-58.818165
-39.459329
-3.839072
25.586358
28.683771
-13.905667
-50.300277
-47.977217
-24.746614
-14.680020
-3.839072
-2.290365
-18.551787
-8.485193
-13.905667
-23.197908
-24.746614
-12.356960
7.776229
3.904462
-34.038855
-85.146181
-76.628293
-64.238639
-82.823120
-67.336052
-58.818165
-87.469241
-68.884759
-78.951353
-169.550703
-248.534751
-210.591434
-131.607386
-78.177000
-71.207819
-105.279370
-75.853940
-55.720751
-24.746614
49.591313
79.791097
54.237434
147.934197
210.656824
165.744326
185.877514
168.841739
140.190663
194.395402
219.949065
192.846695
144.836784
77.468036
68.950149
79.016743
55.011787
72.821916
59.657908
8.550582
27.135064
30.232478
-3.064719
-16.228727
-10.033899
-5.387779
24.812004
54.237434
51.140020
1.581402
-64.238639
-70.433466
-24.746614
-9.259546
-0.741658
-17.003080
-65.012992
-67.336052
-67.336052
-65.012992
-72.756526
-95.987129
-60.366871
-23.972261
-17.003080
-20.100494
-54.172044
-90.566655
-65.787345
13.971056
40.299072
-14.680020
-67.336052
-79.725707
-93.664068
-91.341008
-41.008036
-42.556743
-82.823120
-116.894671
-177.294237
-224.529795
-216.786261
-166.453289
-136.253506
-111.474197
-69.659112
-41.008036
-29.392735
-50.300277
-20.874847
56.560494
121.606181
212.205531
257.118029
192.846695
159.549498
199.815876
207.559410
218.400358
234.661780
182.780101
154.903378
181.231394
144.836784
77.468036
58.883554
36.427305
46.493900
60.432261
41.847779
-1.516012
-37.136269
-33.264502
10.873643
32.555538
4.678815
0.032695
-23.197908
-6.936486
-4.613426
-7.710839
-24.746614
-53.397691
-34.038855
-5.387779
-26.295321
-58.043811
-101.407602
-123.863851
-83.597474
-23.972261
-0.741658
-68.884759
-116.120317
-88.243594
-41.008036
1.581402
15.519763
-51.074630
-89.792301
-41.008036
5.453169
20.940237
-17.003080
-83.597474
-126.186912
-112.248550
-75.853940
-58.818165
-72.756526
-161.807169
-239.242510
-219.109321
-195.878719
-174.196823
-154.837988
-119.217731
-88.243594
-29.392735
11.647996
45.719546
43.396486
75.919330
182.780101
236.984840
216.077298
240.082254
242.405314
212.205531
246.277081
232.338719
191.297988
175.810920
158.775145
127.026655
118.508767
65.078382
18.617177
0.032695
10.099289
42.622133
32.555538
-7.710839
-14.680020
-7.710839
1.581402
12.422350
-1.516012
1.581402
-4.613426
-10.808253
-2.290365
-6.162132
-40.233683
-35.587562
-21.649201
-24.746614
-20.874847
-43.331096
-88.243594
-90.566655
-71.982173
-70.433466
-79.725707
-89.017948
-79.725707
-64.238639
-49.525924
-25.520968
-3.064719
-23.972261
-20.100494
10.873643
-6.162132
-21.649201
-35.587562
-54.946398
-63.464285
-50.300277
-16.228727
-55.720751
-150.966221
-222.206735
-254.729579
-233.822036
-160.258462
-127.735619
-154.837988
-173.422470
-170.325056
-105.279370
-1.516012
76.693683
112.313940
105.344759
161.872559
243.179667
247.825788
236.984840
247.051434
226.143892
233.887426
293.512639
252.471908
147.159844
87.534631
84.437217
98.375579
108.442173
71.273209
7.001876
-20.874847
-29.392735
-6.162132
9.324936
-13.131313
-13.905667
11.647996
10.099289
-10.033899
-14.680020
-29.392735
-7.710839
17.068470
32.555538
7.776229
-41.782389
-45.654157
-54.172044
-51.848984
 192.846695
 144.836784
 77.468036
 68.950149
 79.016743
 55.011787
 72.821916
 59.657908
 8.550582
 27.135064
 30.232478
 -3.064719
 -16.228727
 -10.033899
 -5.387779
 24.812004
 54.237434
 51.140020
 1.581402
 -64.238639
 -70.433466
 -24.746614
 -9.259546
 -0.741658
 -17.003080
 -65.012992
 -67.336052
 -67.336052
 -65.012992
 -72.756526
 -95.987129
 -60.366871
 -23.972261
 -17.003080
 -20.100494
 -54.172044
 -90.566655
 -65.787345
 13.971056
 40.299072
 -14.680020
 -67.336052
 -79.725707
 -93.664068
 -91.341008
 -41.008036
 -42.556743
 -82.823120
 -116.894671
 -177.294237
 -224.529795
 -216.786261
 -166.453289
 -136.253506
 -111.474197
 -69.659112
 -41.008036
 -29.392735
 -50.300277
 -20.874847
 56.560494
 121.606181
 212.205531
 257.118029
 192.846695
 159.549498
 199.815876
 207.559410
 218.400358
 234.661780
 182.780101
 154.903378
 181.231394
 144.836784
 77.468036
 58.883554
 36.427305
 46.493900
 60.432261
 41.847779
-27.844028
-24.746614
-76.628293
-92.889715
-67.336052
-63.464285
-57.269458
-62.689932
-58.043811
-66.561699
-65.012992
-37.910622
-47.977217
-58.818165
-12.356960
14.745410
-12.356960
-30.167088
-51.074630
-85.146181
-119.217731
-65.787345
-31.715795
-141.673980
-230.724623
-222.981089
-208.268374
-178.068591
-105.279370
-93.664068
-174.196823
-150.966221
-38.684976
21.714591
86.760277
135.544543
120.057474
158.000792
234.661780
253.246262
254.020615
249.374495
210.656824
243.179667
267.958976
212.205531
149.482904
99.924285
65.078382
89.083338
116.960061
61.206615
3.904462
-39.459329
-21.649201
-3.064719
11.647996
0.032695
-22.423554
-39.459329
-18.551787
9.324936
-3.064719
-23.197908
-34.038855
-22.423554
-20.100494
-20.874847
-25.520968
-23.197908
-7.710839
-12.356960
-27.069675
-67.336052
-93.664068
-93.664068
-63.464285
-23.972261
-37.910622
-74.305233
-90.566655
-74.305233
-39.459329
-34.813209
-47.977217
-13.905667
3.904462
-20.100494
-16.228727
-23.972261
-44.105450
-89.017948
-99.084542
-59.592518
-54.172044
-143.997040
-208.268374
-203.622253
-179.617297
-133.156092
-105.279370
-110.699843
-123.863851
-92.115361
-45.654157
11.647996
41.073426
122.380534
182.005747
175.810920
211.431177
224.595185
199.815876
226.918245
267.184623
247.051434
224.595185
170.390446
130.898422
125.477948
93.729458
79.016743
75.144976
21.714591
6.227522
0.807048
-14.680020
-19.326140
-20.100494
-4.613426
-18.551787
-41.782389
-35.587562
-23.197908
-27.844028
-23.972261
-27.844028
-44.105450
-34.038855
-13.905667
-13.131313
-16.228727
-14.680020
-31.715795
-41.782389
-44.879803
-40.233683
-58.043811
-65.787345
-43.331096
-37.910622
-70.433466
-68.110406
-40.233683
-33.264502
-48.751570
-71.982173
-23.197908
12.422350
3.904462
-16.228727
-43.331096
-62.689932
-76.628293
-72.756526
-62.689932
-104.505016
-194.330012
-215.237554
-170.325056
-133.156092
-119.992084
-116.894671
-161.807169
-178.068591
-50.300277
54.237434
72.047563
65.078382
81.339803
120.057474
192.846695
295.061346
284.994752
180.457041
155.677731
221.497772
264.087209
255.569322
187.426221
90.632044
79.016743
122.380534
129.349715
79.791097
-14.680020
-51.074630
-10.033899
28.683771
17.068470
-37.910622
-77.402647
-55.720751
0.807048
20.165884
-22.423554
-62.689932
-61.141225
-37.910622
0.807048
-2.290365
-28.618381
-42.556743
-43.331096
-32.490149
-18.551787
-30.941442
-55.720751
-46.428510
-13.905667
-28.618381
-58.043811
-66.561699
-78.951353
-29.392735
0.032695
-42.556743
-75.853940
-68.884759
-29.392735
-0.741658
-26.295321
-66.561699
-41.008036
-27.844028
-53.397691
-53.397691
-102.181956
-222.206735
-223.755442
-140.125273
-125.412558
-127.735619
-107.602430
-149.417514
-162.581522
-67.336052
7.001876
-1.516012
52.688727
102.247346
113.088293
155.677731
219.949065
244.728374
209.108117
217.626005
262.538503
249.374495
201.364583
202.913290
195.944109
132.447129
124.703595
109.216526
40.299072
25.586358
30.232478
24.037651
-14.680020
-31.715795
-20.100494
-51.074630
-37.910622
-32.490149
-54.172044
-63.464285
-30.941442
-16.228727
-44.879803
-78.951353
-60.366871
-33.264502
-13.131313
13.971056
-24.746614
-83.597474
-75.853940
-13.905667
-8.485193
-15.454373
-28.618381
-64.238639
-72.756526
-30.941442
16.294117
-12.356960
-53.397691
-62.689932
-40.233683
0.807048
10.099289
-55.720751
-122.315145
-99.084542
-42.556743
-51.848984
-66.561699
-85.920534
-171.099410
-237.693803
-162.581522
-61.915578
-94.438422
-125.412558
-145.545747
-184.263418
-124.638205
37.976012
97.601225
 192.846695
 144.836784
 77.468036
 68.950149
 79.016743
 55.011787
 72.821916
 59.657908
 8.550582
 27.135064
 30.232478
 -3.064719
 -16.228727
 -10.033899
 -5.387779
 24.812004
 54.237434
 51.140020
 1.581402
 -64.238639
 -70.433466
 -24.746614
 -9.259546
 -0.741658
 -17.003080
 -65.012992
 -67.336052
 -67.336052
 -65.012992
 -72.756526
 -95.987129
 -60.366871
 -23.972261
 -17.003080
 -20.100494
 -54.172044
 -90.566655
 -65.787345
 13.971056
 40.299072
 -14.680020
 -67.336052
 -79.725707
 -93.664068
 -91.341008
 -41.008036
 -42.556743
 -82.823120
 -116.894671
 -177.294237
 -224.529795
 -216.786261
 -166.453289
 -136.253506
 -111.474197
 -69.659112
 -41.008036
 -29.392735
 -50.300277
 -20.874847
 56.560494
 121.606181
 212.205531
 257.118029
 192.846695
 159.549498
 199.815876
 207.559410
 218.400358
 234.661780
 182.780101
 154.903378
 181.231394
 144.836784
 77.468036
 58.883554
 36.427305
 46.493900
 60.432261
 41.847779
50.365667
27.135064
64.304028
152.580318
226.918245
261.764149
248.600141
174.262213
180.457041
256.343675
236.210486
206.785057
204.461996
147.934197
103.021699
120.831828
98.375579
35.652952
24.037651
27.909418
15.519763
-22.423554
-41.008036
-37.136269
-54.172044
-37.136269
-13.905667
-49.525924
-51.074630
-36.361916
-35.587562
-59.592518
-54.946398
-39.459329
-44.105450
-41.008036
-24.746614
-34.813209
-62.689932
-51.074630
-32.490149
-27.844028
-20.100494
-37.910622
-55.720751
-48.751570
-30.167088
-17.003080
-44.105450
-81.274414
-40.233683
0.032695
-9.259546
-47.202863
-62.689932
-55.720751
-38.684976
-47.202863
-80.500060
-127.735619
-212.914494
-198.201779
-78.951353
-82.823120
-180.391651
-170.325056
-148.643161
-116.120317
-10.033899
20.940237
-41.782389
-3.064719
79.791097
106.893466
158.000792
195.169755
176.585274
210.656824
240.856607
239.307900
233.113073
219.949065
188.974928
195.169755
179.682687
144.062430
124.703595
101.472992
90.632044
55.786141
38.750366
3.130109
-20.874847
-34.038855
-36.361916
-40.233683
-65.787345
-60.366871
-75.853940
-83.597474
-51.848984
-40.233683
-73.530879
-68.110406
-52.623337
-41.008036
-24.746614
-19.326140
-24.746614
-44.879803
-17.003080
16.294117
-14.680020
-41.008036
-30.167088
-23.197908
-16.228727
-14.680020
-21.649201
-65.012992
-69.659112
-26.295321
-9.259546
-42.556743
-73.530879
-65.787345
-54.172044
-44.105450
-38.684976
-88.243594
-171.873763
-212.914494
-178.068591
-123.089498
-89.017948
-129.284325
-181.166004
-187.360831
-123.863851
-24.746614
10.873643
10.099289
24.037651
38.750366
95.278165
198.267169
208.333764
178.908334
187.426221
204.461996
230.015659
249.374495
250.148848
206.010703
168.067386
170.390446
178.133980
126.252302
99.149932
89.857691
46.493900
45.719546
37.976012
3.904462
-43.331096
-45.654157
-44.105450
-33.264502
-49.525924
-81.274414
-75.853940
-66.561699
-63.464285
-55.720751
-62.689932
-62.689932
-65.012992
-63.464285
-18.551787
-27.069675
-39.459329
-38.684976
-41.008036
-19.326140
-0.741658
-12.356960
-35.587562
-28.618381
-33.264502
-31.715795
-17.777434
-17.777434
-23.972261
-33.264502
-28.618381
-78.951353
-89.792301
-27.844028
-24.746614
-116.894671
-123.863851
-181.166004
-291.124189
-168.776350
-41.008036
-99.084542
-166.453289
-181.940358
-201.299193
-92.115361
52.688727
61.206615
-6.936486
-10.033899
70.498856
133.995836
212.205531
247.825788
196.718462
168.841739
239.307900
253.246262
232.338719
245.502727
215.302944
193.621049
171.164800
143.288077
127.026655
105.344759
80.565450
78.242390
24.812004
-7.710839
-8.485193
-44.105450
-70.433466
-59.592518
-56.495104
-83.597474
-87.469241
-77.402647
-97.535835
-107.602430
-52.623337
-53.397691
-82.048767
-78.951353
-66.561699
-41.008036
-9.259546
15.519763
-13.131313
-47.202863
-34.813209
7.776229
27.135064
17.842823
-14.680020
-61.915578
-42.556743
11.647996
10.099289
-27.069675
-67.336052
-104.505016
-61.915578
-1.516012
-63.464285
-137.027860
-143.222687
-173.422470
-154.063635
-119.992084
-142.448333
-160.258462
-163.355876
-175.745530
-133.930446
-88.243594
-50.300277
14.745410
3.904462
17.068470
82.888510
116.960061
167.293033
226.918245
197.492816
185.877514
206.010703
222.272125
268.733330
261.764149
209.108117
182.005747
154.129024
137.867603
164.195619
139.416310
82.114157
43.396486
17.842823
14.745410
14.745410
-10.808253
-48.751570
-69.659112
-75.853940
-80.500060
-61.915578
-72.756526
-103.730663
-99.858896
-85.146181
-63.464285
-68.884759
-77.402647
-52.623337
-17.777434
 192.846695
 144.836784
 77.468036
 68.950149
 79.016743
 55.011787
 72.821916
 59.657908
 8.550582
 27.135064
 30.232478
 -3.064719
 -16.228727
 -10.033899
 -5.387779
 24.812004
 54.237434
 51.140020
 1.581402
 -64.238639
 -70.433466
 -24.746614
 -9.259546
 -0.741658
 -17.003080
 -65.012992
 -67.336052
 -67.336052
 -65.012992
 -72.756526
 -95.987129
 -60.366871
 -23.972261
 -17.003080
 -20.100494
 -54.172044
 -90.566655
 -65.787345
 13.971056
 40.299072
 -14.680020
 -67.336052
 -79.725707
 -93.664068
 -91.341008
 -41.008036
 -42.556743
 -82.823120
 -116.894671
 -177.294237
 -224.529795
 -216.786261
 -166.453289
 -136.253506
 -111.474197
 -69.659112
 -41.008036
 -29.392735
 -50.300277
 -20.874847
 56.560494
 121.606181
 212.205531
 257.118029
 192.846695
 159.549498
 199.815876
 207.559410
 218.400358
 234.661780
 182.780101
 154.903378
 181.231394
 144.836784
 77.468036
 58.883554
 36.427305
 46.493900
 60.432261
 41.847779
-40.233683
-37.136269
-14.680020
-6.162132
8.550582
8.550582
5.453169
-6.162132
-13.131313
-13.131313
-13.131313
-27.069675
-22.423554
-23.197908
-52.623337
-66.561699
-32.490149
-47.977217
-110.699843
-113.022904
-113.797257
-173.422470
-164.130229
-152.514928
-154.837988
-147.868807
-148.643161
-175.745530
-154.063635
-67.336052
-38.684976
-7.710839
13.971056
17.842823
44.945193
132.447129
184.328808
175.036567
186.651868
213.754237
206.785057
226.143892
278.025571
248.600141
212.205531
208.333764
166.518679
133.995836
153.354671
163.421265
104.570406
52.688727
25.586358
-3.839072
-13.131313
6.227522
-20.100494
-97.535835
-133.930446
-111.474197
-52.623337
-54.946398
-94.438422
-142.448333
-138.576566
-64.238639
-17.777434
-22.423554
-63.464285
-106.053723
-89.792301
7.001876
49.591313
3.904462
-41.782389
-33.264502
17.068470
48.816960
34.104245
-23.197908
-52.623337
-7.710839
61.980968
36.427305
-62.689932
-136.253506
-71.982173
1.581402
-24.746614
-118.443378
-216.786261
-270.216647
-172.648117
-47.202863
-111.474197
-198.976133
-206.719667
-199.750486
-95.987129
24.812004
-36.361916
-90.566655
-40.233683
44.945193
138.641956
178.908334
138.641956
130.124069
168.067386
236.210486
257.892382
212.979884
220.723418
243.954021
233.887426
218.400358
186.651868
140.190663
145.611137
165.744326
114.637000
55.011787
-3.064719
-19.326140
3.130109
11.647996
-37.910622
-96.761482
-116.120317
-94.438422
-67.336052
-81.274414
-107.602430
-119.217731
-113.797257
-98.310189
-76.628293
-68.884759
-55.720751
-63.464285
-57.269458
-25.520968
-8.485193
-6.936486
-4.613426
-3.839072
-1.516012
20.940237
12.422350
3.904462
0.032695
17.068470
15.519763
-37.136269
-60.366871
-21.649201
-23.972261
-63.464285
-80.500060
-201.299193
-240.791217
-116.894671
-85.920534
-131.607386
-163.355876
-188.909538
-226.078502
-116.894671
-10.033899
-37.910622
-80.500060
-32.490149
31.781185
64.304028
133.221482
166.518679
136.318896
144.062430
233.887426
224.595185
192.072342
247.051434
247.051434
223.820832
228.466952
203.687643
139.416310
159.549498
180.457041
115.411354
51.914374
36.427305
49.591313
3.904462
-23.197908
-30.941442
-82.823120
-80.500060
-62.689932
-102.956309
-121.540791
-116.894671
-119.217731
-122.315145
-95.212775
-85.920534
-115.345964
-100.633249
-54.946398
-20.874847
-27.844028
-19.326140
-6.936486
9.324936
27.909418
25.586358
-9.259546
-14.680020
23.263297
37.976012
37.976012
-8.485193
-51.074630
-78.177000
-34.813209
19.391530
-49.525924
-104.505016
-195.878719
-251.632165
-171.873763
-47.977217
-81.274414
-194.330012
-241.565571
-204.396607
-102.956309
-16.228727
-15.454373
-15.454373
-15.454373
-15.454373
-15.454373
-15.454373
-15.454373
-15.454373
-15.454373
-15.454373
-15.454373
-15.454373
-15.454373
-15.454373
-15.454373
-15.454373
-15.454373
-15.454373
-15.454373
-15.454373
-15.454373
-15.454373
-15.454373
-15.454373
-15.454373
-15.454373
-15.454373
-15.454373
-15.454373
-15.454373
-15.454373
-15.454373
-15.454373
-15.454373
-15.454373
-15.454373
-15.454373
-15.454373
-15.454373
-15.454373
-15.454373
-15.454373
-15.454373
-15.454373
-15.454373
-15.454373
-15.454373
-15.454373
-15.454373
-15.454373
-15.454373
-15.454373
-15.454373
-15.454373
-15.454373
-15.454373
-15.454373
-15.454373
-15.454373
-15.454373
-15.454373
-15.454373
-15.454373
-15.454373
-15.454373
-15.454373
-15.454373
-15.454373
-15.454373
-15.454373
-15.454373
-15.454373
-15.454373
-15.454373
-15.454373
-15.454373
-15.454373
-15.454373
-15.454373
-15.454373
-15.454373
-15.454373
 192.846695
 144.836784
 77.468036
 68.950149
 79.016743
 55.011787
 72.821916
 59.657908
 8.550582
 27.135064
 30.232478
 -3.064719
 -16.228727
 -10.033899
 -5.387779
 24.812004
 54.237434
 51.140020
 1.581402
 -64.238639
 -70.433466
 -24.746614
 -9.259546
 -0.741658
 -17.003080
 -65.012992
 -67.336052
 -67.336052
 -65.012992
 -72.756526
 -95.987129
 -60.366871
 -23.972261
 -17.003080
 -20.100494
 -54.172044
 -90.566655
 -65.787345
 13.971056
 40.299072
 -14.680020
 -67.336052
 -79.725707
 -93.664068
 -91.341008
 -41.008036
 -42.556743
 -82.823120
 -116.894671
 -177.294237
 -224.529795
 -216.786261
 -166.453289
 -136.253506
 -111.474197
 -69.659112
 -41.008036
 -29.392735
 -50.300277
 -20.874847
 56.560494
 121.606181
 212.205531
 257.118029
 192.846695
 159.549498
 199.815876
 207.559410
 218.400358
 234.661780
 182.780101
 154.903378
 181.231394
 144.836784
 77.468036
 58.883554
 36.427305
 46.493900
 60.432261
 41.847779
41.847779
41.847779
41.847779
41.847779
41.847779
41.847779
41.847779
41.847779
41.847779
41.847779
41.847779
41.847779
41.847779
41.847779
41.847779
41.847779
41.847779
41.847779
41.847779
41.847779
41.847779
41.847779
41.847779
41.847779
41.847779
41.847779
41.847779
41.847779
41.847779
41.847779
41.847779
41.847779
41.847779
41.847779
41.847779
41.847779
41.847779
41.847779
41.847779
41.847779
41.847779
41.847779
41.847779
41.847779
41.847779
41.847779
41.847779
41.847779
41.847779
41.847779
41.847779
41.847779
41.847779
41.847779
41.847779
41.847779
41.847779
41.847779
41.847779
41.847779
41.847779
41.847779
41.847779
41.847779
41.847779
41.847779
41.847779
41.847779
41.847779
41.847779
41.847779
41.847779
41.847779
41.847779
41.847779
41.847779
41.847779
41.847779
41.847779
41.847779
41.847779
41.847779
41.847779
41.847779
41.847779
41.847779
41.847779
41.847779
41.847779
41.847779
41.847779
41.847779
41.847779
41.847779
41.847779
41.847779
41.847779
41.847779
41.847779
41.847779
41.847779
41.847779
41.847779
41.847779
41.847779
41.847779
41.847779
41.847779
41.847779
41.847779
41.847779
41.847779
41.847779
41.847779
41.847779
41.847779
41.847779
41.847779
41.847779
41.847779
41.847779
41.847779
41.847779
41.847779
41.847779
41.847779
41.847779
41.847779
41.847779
41.847779
41.847779
41.847779
41.847779
41.847779
41.847779
41.847779
41.847779
41.847779
41.847779
41.847779
41.847779
41.847779
41.847779
41.847779
41.847779
41.847779
41.847779
41.847779
41.847779
41.847779
41.847779
41.847779
41.847779
41.847779
41.847779
41.847779
41.847779
41.847779
41.847779
41.847779
41.847779
41.847779
41.847779
41.847779
41.847779
41.847779
41.847779
41.847779
41.847779
41.847779
41.847779
41.847779
41.847779
41.847779
41.847779
41.847779
41.847779
41.847779
41.847779
41.847779
41.847779
41.847779
41.847779
41.847779
41.847779
41.847779
41.847779
41.847779
41.847779
41.847779
41.847779
41.847779
41.847779
41.847779
41.847779
41.847779
41.847779
41.847779
41.847779
41.847779
41.847779
41.847779
41.847779
41.847779
41.847779
41.847779
41.847779
41.847779
41.847779
41.847779
41.847779
41.847779
41.847779
41.847779
41.847779
41.847779
41.847779
41.847779
41.847779
41.847779
41.847779
41.847779
41.847779
41.847779
41.847779
41.847779
41.847779
41.847779
41.847779
41.847779
41.847779
41.847779
41.847779
41.847779
41.847779
41.847779
41.847779
41.847779
41.847779
41.847779
41.847779
41.847779
41.847779
41.847779
41.847779
41.847779
41.847779
41.847779
41.847779
41.847779
41.847779
41.847779
41.847779
41.847779
41.847779
41.847779
41.847779
41.847779
41.847779
41.847779
41.847779
41.847779
41.847779
41.847779
41.847779
41.847779
41.847779
41.847779
41.847779
41.847779
41.847779
41.847779
41.847779
41.847779
41.847779
41.847779
41.847779
41.847779
41.847779
41.847779
41.847779
41.847779
41.847779
41.847779
41.847779
41.847779
41.847779
41.847779
41.847779
41.847779
41.847779
41.847779
41.847779
41.847779
41.847779
41.847779
41.847779
41.847779
41.847779
41.847779
41.847779
41.847779
41.847779
41.847779
41.847779
41.847779
41.847779
41.847779
41.847779
41.847779
41.847779
41.847779
41.847779
41.847779
41.847779
41.847779
41.847779
41.847779
41.847779
41.847779
 192.846695
 144.836784
 77.468036
 68.950149
 79.016743
 55.011787
 72.821916
 59.657908
 8.550582
 27.135064
 30.232478
 -3.064719
 -16.228727
 -10.033899
 -5.387779
 24.812004
 54.237434
 51.140020
 1.581402
 -64.238639
 -70.433466
 -24.746614
 -9.259546
 -0.741658
 -17.003080
 -65.012992
 -67.336052
 -67.336052
 -65.012992
 -72.756526
 -95.987129
 -60.366871
 -23.972261
 -17.003080
 -20.100494
 -54.172044
 -90.566655
 -65.787345
 13.971056
 40.299072
 -14.680020
 -67.336052
 -79.725707
 -93.664068
 -91.341008
 -41.008036
 -42.556743
 -82.823120
 -116.894671
 -177.294237
 -224.529795
 -216.786261
 -166.453289
 -136.253506
 -111.474197
 -69.659112
 -41.008036
 -29.392735
 -50.300277
 -20.874847
 56.560494
 121.606181
 212.205531
 257.118029
 192.846695
 159.549498
 199.815876
 207.559410
 218.400358
 234.661780
 182.780101
 154.903378
 181.231394
 144.836784
 77.468036
 58.883554
 36.427305
 46.493900
 60.432261
 41.847779
